    0 -353.13379 0.00000
      -361609.00000 0.00000
    1 -379.68248 328.84913
      -388794.85542 336741.51185
    2 -1082.00041 -404.64487
      -1107968.41814 -414356.34586
    3 -2173.22774 -407.03607
      -2225385.20595 -416804.93964
    4 2133.06041 908.27622
      2184253.85784 930074.84678
    5 1666.28521 6045.30519
      1706276.05835 6190392.51119
    6 -221.01730 -343.37621
      -226321.71754 -351617.23622
    7 -924.50209 513.53752
      -946690.14289 525862.42128
    8 -81.03397 -942.18837
      -82978.79000 -964800.88630
    9 -167.29695 258.42688
      -171312.07435 264629.12933
   10 393.48671 261.12983
      402930.39244 267396.94270
   11 252.16070 -129.26917
      258212.55923 -132371.62681
   12 -123.65987 -212.81833
      -126627.70367 -217925.96993
   13 425.65767 -474.53524
      435873.45045 -485924.08922
   14 -1520.51228 -416.94600
      -1557004.57904 -426952.69921
   15 -512.61567 209.57279
      -524918.44638 214602.54133
   16 -225.45689 343.60929
      -230867.85280 351855.90843
   17 -6.16473 40.01732
      -6312.68424 40977.73123
   18 73.57014 62.25327
      75335.82565 63747.35000
   19 -48.72075 -31.11119
      -49890.04953 -31857.85442
   20 -122.16027 -142.67409
      -125092.11367 -146098.26969
   21 187.16849 -88.96422
      191660.52868 -91099.36253
   22 12.75847 -19.47929
      13064.67093 -19946.78848
   23 38.40775 -26.82840
      39329.53400 -27472.28119
   24 -101.68969 87.77083
      -104130.24450 89877.33484
   25 71.13036 15.91300
      72837.48633 16294.91101
   26 74.74341 -95.09642
      76537.25327 -97378.73368
   27 60.07783 -63.42670
      61519.70145 -64948.94448
   28 69.28580 -15.20211
      70948.65952 -15566.96240
   29 -4.55654 -38.46509
      -4665.89275 -39388.25538
   30 6.25123 17.69190
      6401.25811 18116.50946
   31 65.77508 34.55040
      67353.68080 35379.60508
   32 -34.91814 -42.50459
      -35756.17522 -43524.70501
   33 6.28214 5.14326
      6432.91475 5266.70012
   34 11.43995 -14.86687
      11714.50715 -15223.67782
   35 24.99385 -45.15308
      25593.69965 -46236.75514
   36 41.44080 -131.58140
      42435.38036 -134739.35246
   37 -47.82515 82.32445
      -48972.94884 84300.23806
   38 12.02864 -98.26758
      12317.33142 -100626.00368
   39 -6.38799 -36.65797
      -6541.30389 -37537.76183
   40 61.68237 194.30297
      63162.75136 198966.24344
   41 13.21933 69.69303
      13536.59446 71365.66648
   42 -1.91275 10.77571
      -1958.66106 11034.33007
   43 21.07876 9.72778
      21584.65219 9961.24342
   44 18.32884 -23.63975
      18768.73073 -24207.10170
   45 -0.14646 -21.76601
      -149.97980 -22288.39788
   46 -3.68193 -8.40557
      -3770.30075 -8607.29978
   47 14.49258 12.35443
      14840.40067 12650.93939
   48 45.46227 -32.95685
      46553.36776 -33747.81064
   49 -69.82109 -60.91564
      -71496.79318 -62377.61192
   50 -47.41586 20.06376
      -48553.84409 20545.29495
   51 -45.62714 0.83486
      -46722.18786 854.89712
   52 -1.87645 4.84016
      -1921.47986 4956.32231
   53 15.13647 -5.21259
      15499.74742 -5337.69426
   54 -16.20776 14.21454
      -16596.74711 14555.68923
   55 -109.82015 65.40577
      -112455.83339 66975.50852
   56 51.45696 -18.25048
      52691.93081 -18688.48808
   57 -1.33719 10.90115
      -1369.28744 11162.77487
   58 -6.75121 -12.17042
      -6913.23522 -12462.50858
   59 9.80817 -17.30162
      10043.56941 -17716.85895
   60 -13.21612 33.04052
      -13533.30583 33833.49249
   61 -36.69527 -26.10277
      -37575.95438 -26729.23349
   62 -39.38927 -40.75663
      -40334.61537 -41734.79367
   63 4.63359 5.06918
      4744.79107 5190.83915
   64 -6.47510 25.25038
      -6630.50603 25856.38964
   65 -15.10656 1.11057
      -15469.11384 1137.21869
   66 -3.53889 -21.03235
      -3623.81908 -21537.12754
   67 -11.73986 -3.24850
      -12021.61272 -3326.46554
   68 -35.08824 -72.44113
      -35930.35692 -74179.71314
   69 56.56320 13.24276
      57920.71666 13560.58155
   70 4.55843 17.68467
      4667.82885 18109.10500
   71 -47.24553 -33.27669
      -48379.42659 -34075.32691
   72 -56.95459 -27.79461
      -58321.50112 -28461.68154
   73 -4.34368 -20.34560
      -4447.92605 -20833.89011
   74 -24.63011 -58.15096
      -25221.23219 -59546.57905
   75 87.82496 -151.87137
      89932.75569 -155516.28612
   76 -62.38625 154.68721
      -63883.51844 158399.70580
   77 74.41893 132.77195
      76204.98419 135958.47727
   78 132.41475 -28.82006
      135592.70048 -29511.73787
   79 13.17905 31.30490
      13495.34722 32056.22232
   80 -2.60262 -59.06375
      -2665.08755 -60481.28234
   81 31.99462 -22.45990
      32762.49422 -22998.93298
   82 115.45251 -71.27955
      118223.36825 -72990.26189
   83 -26.98379 24.38011
      -27631.39612 24965.23164
   84 -8.34879 14.47917
      -8549.15971 14826.66755
   85 13.34541 8.42110
      13665.70030 8623.20594
   86 27.37973 -2.96022
      28036.84545 -3031.26258
   87 27.46180 21.87060
      28120.88590 22395.49147
   88 31.42760 7.59937
      32181.86430 7781.75106
   89 21.25842 49.30266
      21768.62575 50485.92257
   90 24.33858 -18.80003
      24922.70262 -19251.22911
   91 -7.04141 -0.46874
      -7210.40721 -479.98771
   92 23.78725 31.75312
      24358.14737 32515.19670
   93 11.69114 -40.03212
      11971.72636 -40992.89547
   94 21.62605 -2.34869
      22145.07309 -2405.06216
   95 29.86503 -0.27643
      30581.79413 -283.05968
   96 -7.40573 30.83626
      -7583.46673 31576.32524
   97 28.18635 -10.25953
      28862.81885 -10505.76122
   98 11.57755 -2.43146
      11855.41241 -2489.81801
   99 -1.87933 -0.98016
      -1924.43389 -1003.68805
  100 13.47199 -12.90844
      13795.31467 -13218.24252
  101 17.34541 10.85858
      17761.70161 11119.18132
  102 13.54150 -0.64850
      13866.50033 -664.06042
  103 5.18903 -16.71287
      5313.56833 -17113.97406
  104 10.70346 35.23675
      10960.34076 36082.42996
  105 11.23676 -12.80307
      11506.44050 -13110.33999
  106 6.00523 -6.65075
      6149.35242 -6810.37295
  107 8.50115 10.36160
      8705.17750 10610.27788
  108 -5.54557 7.30076
      -5678.65982 7475.97946
  109 -33.42683 -13.08331
      -34229.07308 -13397.31415
  110 -7.76697 3.31768
      -7953.38124 3397.30734
  111 1.12800 8.02125
      1155.06914 8213.75762
  112 -18.54340 -26.59752
      -18988.43799 -27235.86330
  113 -18.18084 -0.21715
      -18617.17670 -222.35772
  114 -19.97760 0.72890
      -20457.06564 746.38943
  115 -26.27537 10.13636
      -26905.98128 10379.63357
  116 -21.79545 -34.56588
      -22318.53882 -35395.46325
  117 29.38007 29.89362
      30085.18710 30611.06735
  118 -22.09830 -38.50357
      -22628.65953 -39427.65765
  119 -36.29431 21.64134
      -37165.37416 22160.73314
  120 -29.35134 17.98725
      -30055.77234 18418.94192
  121 3.51666 15.71547
      3601.06287 16092.64494
  122 -1.20820 6.67328
      -1237.20146 6833.43582
  123 -9.41090 -17.17712
      -9636.75924 -17589.37311
  124 -20.25240 16.61867
      -20738.45563 17017.51842
  125 12.12144 22.37344
      12412.35336 22910.40152
  126 -7.46363 -18.93817
      -7642.75851 -19392.68923
  127 18.96294 -0.78400
      19418.05559 -802.81311
  128 1.83289 -3.27809
      1876.88225 -3356.76190
  129 3.04355 12.05018
      3116.59177 12339.38283
  130 -11.22516 13.55646
      -11494.56122 13881.81479
  131 10.39434 -1.55455
      10643.80752 -1591.85486
  132 18.37129 18.41219
      18812.20549 18854.07869
  133 -13.83868 -21.29119
      -14170.80774 -21802.17990
  134 16.80834 -12.67696
      17211.73781 -12981.20486
  135 -22.72298 -32.26204
      -23268.33108 -33036.33015
  136 8.49641 5.29694
      8700.32021 5424.06531
  137 -13.44666 9.34467
      -13769.37694 9568.94396
  138 12.59938 -6.11076
      12901.76575 -6257.42282
  139 -6.65298 -1.40232
      -6812.65045 -1435.97858
  140 1.21990 -11.39124
      1249.17467 -11664.62519
  141 -11.81543 -7.26030
      -12099.00157 -7434.54598
  142 2.57804 3.58821
      2639.91774 3674.32293
  143 3.02145 4.11818
      3093.96884 4217.01672
  144 -13.08884 11.78864
      -13402.96751 12071.57170
  145 8.92048 0.24145
      9134.57209 247.24804
  146 4.12639 1.03920
      4225.42817 1064.13583
  147 -13.66282 -10.52214
      -13990.72817 -10774.67164
  148 8.74599 -11.66320
      8955.89243 -11943.11581
  149 -1.21828 12.17736
      -1247.51543 12469.61866
  150 -20.92360 -16.55680
      -21425.77051 -16954.16218
  151 -1.06101 -23.39252
      -1086.47079 -23953.94381
  152 -27.86786 13.33025
      -28536.68675 13650.17653
  153 8.64123 9.82579
      8848.61962 10061.60896
  154 6.39442 -12.90980
      6547.88183 -13219.63732
  155 -3.17306 -14.20897
      -3249.21144 -14549.98024
  156 -18.82346 2.69836
      -19275.22744 2763.12433
  157 -14.03443 -0.15972
      -14371.25714 -163.55076
  158 8.51057 4.89736
      8714.82491 5014.89912
  159 -23.94610 -13.41120
      -24520.80331 -13733.07308
  160 -33.25401 15.61109
      -34052.10874 15985.76088
  161 -1.42331 5.63037
      -1457.46829 5765.49377
  162 4.99635 -8.17716
      5116.26703 -8373.40751
  163 -2.48328 -57.94630
      -2542.87395 -59337.01143
  164 5.42064 -32.13570
      5550.73799 -32906.95298
  165 15.36937 -4.40645
      15738.23996 -4512.20052
  166 6.20603 -18.82088
      6354.97458 -19272.58222
  167 -35.76688 -1.27221
      -36625.28371 -1302.74307
  168 11.13293 25.10280
      11400.12270 25705.26648
  169 38.26004 12.84340
      39178.27719 13151.63970
  170 14.61933 -28.95808
      14970.18912 -29653.07759
  171 -4.52713 11.42662
      -4635.77685 11700.86295
  172 5.55416 4.50581
      5687.45956 4613.95371
  173 31.81882 6.93409
      32582.46665 7100.50754
  174 7.56337 -16.54716
      7744.88684 -16944.28725
  175 18.47636 -19.17816
      18919.79502 -19638.43077
  176 -0.27267 -32.20184
      -279.21339 -32974.68106
  177 51.67479 -12.53194
      52914.98029 -12832.70859
  178 -40.18861 22.22094
      -41153.13268 22754.23940
  179 -13.42101 4.36056
      -13743.10961 4465.21507
  180 -29.01145 29.15059
      -29707.72247 29850.19922
  181 19.15738 -0.69680
      19617.15914 -713.52366
  182 -10.19295 1.29325
      -10437.57631 1324.28824
  183 14.13486 -14.43188
      14474.09810 -14778.24406
  184 27.28557 5.07487
      27940.41872 5196.66499
  185 -57.10348 -2.82840
      -58473.95920 -2896.28356
  186 24.84684 -21.24035
      25443.16059 -21750.11538
  187 -46.87610 11.24431
      -48001.12629 11514.16933
  188 -43.57301 -21.97828
      -44618.76572 -22505.75551
  189 -0.97940 -9.28827
      -1002.90948 -9511.19026
  190 57.60723 -17.44352
      58989.80319 -17862.16117
  191 -9.25566 7.12581
      -9477.79361 7296.83398
  192 -32.27071 -67.75514
      -33045.20959 -69381.25999
  193 66.50189 -65.82494
      68097.93429 -67404.73654
  194 6.76564 -12.19688
      6928.01903 -12489.60899
  195 -15.03541 -8.98246
      -15396.25853 -9198.03449
  196 21.49143 13.90947
      22007.22832 14243.30200
  197 36.04344 26.84721
      36908.48222 27491.54592
  198 -5.38693 64.63373
      -5516.22017 66184.94323
  199 -8.83943 -89.90218
      -9051.57487 -92059.83481
  200 13.71114 -7.07467
      14040.21184 -7244.46394
  201 8.77544 -0.38345
      8986.05433 -392.64909
  202 20.45536 4.43291
      20946.29289 4539.30006
  203 -10.07649 68.43505
      -10318.32392 70077.49476
  204 -4.60801 23.95706
      -4718.60061 24532.03281
  205 -16.02121 33.67949
      -16405.71761 34487.79878
  206 5.83636 31.23453
      5976.43260 31984.15464
  207 -3.36736 38.01517
      -3448.17193 38927.53057
  208 27.30430 23.54035
      27959.59851 24105.32035
  209 15.37113 18.81643
      15740.03864 19268.02650
  210 -56.49145 0.61877
      -57847.24049 633.61594
  211 11.15116 -9.15732
      11418.79011 -9377.09916
  212 -2.68217 3.63804
      -2746.54057 3725.35133
  213 17.54806 10.99401
      17969.21263 11257.86182
  214 -15.24414 -0.44523
      -15609.99486 -455.91961
  215 -10.34007 53.82634
      -10588.23159 55118.17509
  216 -3.69041 65.41315
      -3778.98370 66983.06421
  217 -46.38907 -22.81492
      -47502.40349 -23362.48203
  218 44.02700 -3.64209
      45083.64490 -3729.50298
  219 7.67890 14.57419
      7863.19118 14923.97117
  220 -42.64421 53.79473
      -43667.67285 55085.80170
  221 56.49601 6.55259
      57851.91123 6709.85067
  222 -5.53543 55.76748
      -5668.28542 57105.89490
  223 38.56564 19.65264
      39491.21673 20124.29972
  224 -22.26205 20.05785
      -22796.34304 20539.23395
  225 -42.69058 28.42692
      -43715.15623 29109.16571
  226 41.06673 -23.58628
      42052.32780 -24152.34943
  227 15.28547 74.06672
      15652.32102 75844.32381
  228 26.27110 -7.59040
      26901.60394 -7772.57245
  229 -4.69645 6.83085
      -4809.16123 6994.78786
  230 -15.00729 54.90405
      -15367.46354 56221.74368
  231 -4.79546 -2.61917
      -4910.54637 -2682.03379
  232 31.30616 29.71102
      32057.50616 30424.08530
  233 23.88286 -9.39250
      24456.05094 -9617.92079
  234 75.50637 61.72278
      77318.51987 63204.12867
  235 6.51942 18.34436
      6675.88601 18784.62086
  236 27.46464 16.21985
      28123.78760 16609.12555
  237 56.59541 32.53818
      57953.70397 33319.09740
  238 10.16484 -30.45269
      10408.79919 -31183.55335
  239 12.36793 -15.41235
      12664.76204 -15782.24530
  240 5.20311 -12.90627
      5327.98313 -13216.02305
  241 7.64431 -9.67269
      7827.77169 -9904.83255
  242 -2.57569 -4.90628
      -2637.50651 -5024.02897
  243 14.76542 3.04403
      15119.78631 3117.08805
  244 8.90771 -16.96470
      9121.49182 -17371.84985
  245 -5.76265 -5.06726
      -5900.95081 -5188.87726
  246 2.87322 -3.71747
      2942.17432 -3806.69141
  247 2.74529 2.17063
      2811.17682 2222.72402
  248 -3.32269 -16.61513
      -3402.43830 -17013.89717
  249 24.88111 54.86522
      25478.26065 56181.98875
  250 12.77550 -1.11203
      13082.10974 -1138.71776
  251 -32.01871 -1.52930
      -32787.16084 -1565.99837
  252 18.96192 35.64905
      19417.00871 36504.63211
  253 20.54016 58.49239
      21033.12371 59896.20619
  254 11.26791 45.41869
      11538.34406 46508.74231
  255 -45.82408 4.76742
      -46923.85920 4881.84266
  256 74.79590 -29.83594
      76591.00000 -30552.00000
  257 36.88004 -16.39352
      37765.16050 -16786.96774
  258 8.32131 1.60903
      8521.02072 1647.64617
  259 3.13947 -17.87207
      3214.82046 -18301.00412
  260 -25.00971 6.61406
      -25609.94050 6772.80016
  261 8.94279 23.76674
      9157.41843 24337.14449
  262 35.89776 -12.74270
      36759.30315 -13048.52881
  263 7.29494 -17.20443
      7470.01544 -17617.33177
  264 11.99254 -13.84918
      12280.35871 -14181.55807
  265 2.04771 -4.86663
      2096.85434 -4983.42649
  266 11.09440 4.20097
      11360.66811 4301.79673
  267 -21.56377 6.52960
      -22081.29991 6686.31443
  268 -20.06779 24.68148
      -20549.41823 25273.83264
  269 3.64602 36.52873
      3733.52196 37405.41601
  270 29.16253 -33.09012
      29862.42922 -33884.27850
  271 -51.62273 -21.26301
      -52861.67516 -21773.32474
  272 -19.48656 35.67440
      -19954.23879 36530.58956
  273 -7.02868 17.75781
      -7197.36619 18183.99280
  274 -11.82946 -25.62554
      -12113.36550 -26240.54813
  275 -4.00419 40.23851
      -4100.29515 41204.23508
  276 -32.89946 -16.31346
      -33689.04629 -16704.98201
  277 28.86958 32.55086
      29562.45185 33332.07709
  278 -65.69039 -34.59739
      -67266.96104 -35427.72424
  279 -11.92942 15.21067
      -12215.72881 15575.72704
  280 3.55901 22.40819
      3644.42268 22945.98440
  281 -47.99134 1.06507
      -49143.13708 1090.62895
  282 31.88337 55.26579
      32648.57102 56592.16558
  283 -24.19247 -49.68352
      -24773.08641 -50875.92708
  284 34.41689 24.68048
      35242.89060 25272.81109
  285 -59.61851 -27.78465
      -61049.35444 -28451.48414
  286 -6.75216 -53.19198
      -6914.21310 -54468.59262
  287 -49.96281 1.74175
      -51161.91882 1783.55376
  288 -26.71608 38.59539
      -27357.26110 39521.67723
  289 66.55414 -57.57368
      68151.43485 -58955.45193
  290 -38.45723 17.82190
      -39380.20693 18249.63022
  291 -0.90994 -2.34379
      -931.77588 -2400.04003
  292 -45.05563 37.21998
      -46136.96709 38113.26220
  293 12.12606 -6.01471
      12417.09019 -6159.06088
  294 29.67719 1.54285
      30389.44446 1579.88014
  295 -22.83971 -18.62109
      -23387.85924 -19067.99987
  296 30.67078 -25.70634
      31406.87419 -26323.28981
  297 0.26580 31.41295
      272.17976 32166.86189
  298 -0.28290 -10.21136
      -289.68937 -10456.43751
  299 -10.28676 10.69549
      -10533.64165 10952.18362
  300 8.04525 -1.15626
      8238.33456 -1184.00819
  301 8.52826 4.70364
      8732.94063 4816.53182
  302 8.45600 -5.48552
      8658.94743 -5617.17665
  303 3.25570 -11.66989
      3333.83470 -11949.97215
  304 -10.24110 0.27691
      -10486.88798 283.55781
  305 4.12686 14.05334
      4225.90627 14390.61768
  306 4.38179 21.49880
      4486.95139 22014.77457
  307 13.24334 10.27200
      13561.18049 10518.52881
  308 1.87774 5.45416
      1922.80413 5585.06079
  309 1.91726 -4.19953
      1963.27635 -4300.31711
  310 -11.71851 -8.67107
      -11999.75725 -8879.17709
  311 8.72201 -1.12765
      8931.33986 -1154.71335
  312 -4.06403 12.36573
      -4161.56303 12662.50522
  313 -24.49101 20.27863
      -25078.79327 20765.31527
  314 13.89847 -7.38995
      14232.03559 -7567.31025
  315 1.05262 5.78665
      1077.88238 5925.52718
  316 3.63711 -4.95442
      3724.40226 -5073.33035
  317 -11.98705 -2.83497
      -12274.74126 -2903.00977
  318 -1.09697 -5.34054
      -1123.29234 -5468.71297
  319 -4.98335 -8.49054
      -5102.94806 -8694.30822
  320 -3.65657 0.89245
      -3744.32545 913.86855
  321 -0.56424 -1.78603
      -577.77750 -1828.89976
  322 -4.94269 1.09433
      -5061.31196 1120.59243
  323 -6.63397 6.11183
      -6793.18614 6258.51732
  324 -4.33588 -4.42769
      -4439.94320 -4533.95697
  325 -4.89904 -6.32608
      -5016.61530 -6477.90435
  326 13.55787 -18.95210
      13883.26086 -19406.95461
  327 -0.18887 3.83578
      -193.40071 3927.83372
  328 5.62763 -11.32519
      5762.69153 -11596.99067
  329 2.50894 -2.89785
      2569.15937 -2967.39671
  330 -1.71525 3.26741
      -1756.41176 3345.83246
  331 -6.67221 1.26865
      -6832.34195 1299.09343
  332 5.27765 -10.85886
      5404.31507 -11119.47531
  333 -2.52463 -5.85792
      -2585.21656 -5998.51050
  334 -5.55515 -1.54583
      -5688.47126 -1582.93311
  335 4.95848 -3.14556
      5077.48208 -3221.04989
  336 10.05753 -0.91108
      10298.91226 -932.94363
  337 4.04897 2.73899
      4146.14239 2804.72496
  338 2.63343 2.95099
      2696.63579 3021.81708
  339 3.17282 -1.99652
      3248.96872 -2044.43925
  340 -2.29031 -1.68295
      -2345.27238 -1723.34280
  341 -1.64073 3.31503
      -1680.10674 3394.59218
  342 -0.25923 5.50885
      -265.44726 5641.05930
  343 11.54756 1.29061
      11824.70355 1321.58561
  344 10.26873 3.33384
      10515.17489 3413.85688
  345 -3.40842 2.56535
      -3490.22091 2626.91857
  346 2.89958 6.04603
      2969.16653 6191.12981
  347 6.02409 0.44860
      6168.67227 459.36817
  348 2.13192 -2.49611
      2183.08589 -2556.01357
  349 1.69881 -0.71859
      1739.57870 -735.84011
  350 1.63443 -1.07145
      1673.65539 -1097.16541
  351 1.26020 -0.42447
      1290.44003 -434.65479
  352 0.84826 0.31216
      868.61746 319.65492
  353 1.53230 1.52293
      1569.07632 1559.48097
  354 2.43840 1.53976
      2496.91975 1576.71037
  355 3.42665 1.46901
      3508.89179 1504.26570
  356 3.46177 0.18037
      3544.85487 184.70210
  357 2.42845 1.09377
      2486.72903 1120.01699
  358 4.95432 1.56775
      5073.21943 1605.37443
  359 4.78901 -2.18177
      4903.94419 -2234.13469
  360 1.07166 -1.51863
      1097.37716 -1555.07767
  361 1.87988 0.76157
      1924.99946 779.85013
  362 2.54615 -0.06482
      2607.25541 -66.37314
  363 2.08245 -0.16284
      2132.43282 -166.75328
  364 2.10471 -0.27833
      2155.22186 -285.01269
  365 1.92775 -0.34458
      1974.02037 -352.85206
  366 2.00057 -0.37172
      2048.58657 -380.64467
  367 1.90805 -0.41933
      1953.84309 -429.39763
  368 1.89832 -0.37782
      1943.88447 -386.88954
  369 1.89649 -0.41660
      1942.01054 -426.60082
  370 1.86586 -0.37883
      1910.63634 -387.91952
  371 1.85042 -0.36519
      1894.83408 -373.95337
  372 1.82615 -0.37788
      1869.97550 -386.95084
  373 1.81935 -0.37496
      1863.01374 -383.95652
  374 1.80315 -0.38689
      1846.42922 -396.17864
  375 1.80689 -0.37192
      1850.25276 -380.84827
  376 1.79502 -0.39084
      1838.09993 -400.21992
  377 1.78456 -0.37112
      1827.39134 -380.02943
  378 1.76493 -0.38766
      1807.28592 -396.96548
  379 1.76441 -0.39873
      1806.75897 -408.30181
  380 1.72406 -0.39303
      1765.43655 -402.46118
  381 1.74721 -0.36769
      1789.14202 -376.51826
  382 1.72050 -0.38037
      1761.78972 -389.50002
  383 1.71709 -0.37641
      1758.30034 -385.43905
  384 1.70031 -0.36793
      1741.11775 -376.76190
  385 1.69793 -0.35184
      1738.67968 -360.28081
  386 1.70368 -0.35164
      1744.56565 -360.08284
  387 1.67554 -0.34179
      1715.75102 -349.99314
  388 1.66785 -0.34740
      1707.87705 -355.73998
  389 1.67803 -0.36370
      1718.30700 -372.42645
  390 1.66819 -0.33259
      1708.22222 -340.57185
  391 1.65916 -0.34931
      1698.98452 -357.69173
  392 1.66584 -0.34070
      1705.81512 -348.87380
  393 1.65179 -0.34152
      1691.43423 -349.71503
  394 1.63199 -0.33560
      1671.15921 -343.65096
  395 1.62655 -0.31965
      1665.58752 -327.32518
  396 1.62622 -0.32513
      1665.24435 -332.92856
  397 1.63312 -0.33130
      1672.31490 -339.25545
  398 1.62721 -0.34124
      1666.26114 -349.42804
  399 1.59698 -0.32411
      1635.30492 -331.88693
  400 1.60515 -0.31101
      1643.67361 -318.47042
  401 1.60003 -0.31128
      1638.42857 -318.75303
  402 1.60760 -0.30925
      1646.18466 -316.67682
  403 1.59246 -0.31449
      1630.68230 -322.03398
  404 1.60708 -0.30291
      1645.64517 -310.18028
  405 1.60503 -0.31273
      1643.55578 -320.23604
  406 1.57342 -0.32162
      1611.18375 -329.33446
  407 1.56918 -0.30156
      1606.84017 -308.79945
  408 1.55688 -0.30314
      1594.24745 -310.41410
  409 1.56054 -0.28469
      1597.99508 -291.52092
  410 1.58402 -0.29556
      1622.03223 -302.65304
  411 1.54265 -0.28751
      1579.67025 -294.41302
  412 1.55863 -0.28142
      1596.03796 -288.17298
  413 1.56310 -0.29142
      1600.61104 -298.41019
  414 1.53985 -0.28940
      1576.80939 -296.34691
  415 1.54472 -0.27136
      1581.79508 -277.87458
  416 1.54091 -0.27647
      1577.88972 -283.10554
  417 1.53110 -0.26590
      1567.84981 -272.28044
  418 1.53298 -0.26022
      1569.76851 -266.46196
  419 1.53194 -0.27381
      1568.70736 -280.38402
  420 1.53608 -0.27068
      1572.94581 -277.17845
  421 1.54370 -0.26576
      1580.75302 -272.14166
  422 1.50488 -0.26002
      1540.99212 -266.26463
  423 1.53624 -0.24451
      1573.10673 -250.37891
  424 1.50946 -0.24842
      1545.68858 -254.38406
  425 1.50928 -0.24126
      1545.50634 -247.04739
  426 1.50947 -0.24856
      1545.69925 -254.52816
  427 1.50997 -0.24435
      1546.20881 -250.21560
  428 1.50436 -0.23425
      1540.46189 -239.87373
  429 1.49709 -0.22660
      1533.01811 -232.03783
  430 1.51641 -0.23171
      1552.80002 -237.26972
  431 1.50988 -0.22155
      1546.12012 -226.86450
  432 1.49621 -0.21900
      1532.11692 -224.26006
  433 1.50800 -0.21293
      1544.18909 -218.04279
  434 1.50039 -0.20450
      1536.39673 -209.41191
  435 1.50747 -0.21187
      1543.64836 -216.95702
  436 1.50826 -0.19756
      1544.45580 -202.30394
  437 1.48536 -0.21066
      1521.00494 -215.71590
  438 1.46728 -0.21187
      1502.49696 -216.95641
  439 1.47820 -0.20986
      1513.67366 -214.90014
  440 1.47597 -0.20521
      1511.39205 -210.13723
  441 1.47056 -0.19035
      1505.85768 -194.91879
  442 1.47108 -0.18104
      1506.38947 -185.38653
  443 1.47882 -0.21501
      1514.31395 -220.17194
  444 1.48212 -0.17119
      1517.69020 -175.30188
  445 1.46305 -0.18630
      1498.15889 -190.77439
  446 1.47401 -0.17294
      1509.38302 -177.08939
  447 1.46599 -0.17591
      1501.17194 -180.13138
  448 1.47270 -0.19188
      1508.04107 -196.48182
  449 1.47443 -0.16547
      1509.81625 -169.44638
  450 1.46580 -0.16159
      1500.97985 -165.46720
  451 1.46837 -0.17044
      1503.61079 -174.52898
  452 1.48772 -0.17336
      1523.42235 -177.52135
  453 1.46690 -0.15470
      1502.10578 -158.41230
  454 1.45682 -0.14099
      1491.78075 -144.37166
  455 1.45826 -0.15326
      1493.25394 -156.93581
  456 1.43241 -0.15983
      1466.79064 -163.66862
  457 1.45587 -0.14849
      1490.81419 -152.05060
  458 1.44965 -0.15082
      1484.43685 -154.43740
  459 1.45957 -0.15367
      1494.60347 -157.35998
  460 1.44705 -0.14162
      1481.77558 -145.01868
  461 1.45020 -0.14299
      1485.00927 -146.41830
  462 1.44727 -0.12199
      1482.00386 -124.92164
  463 1.43533 -0.14145
      1469.77436 -144.84738
  464 1.44860 -0.14823
      1483.36411 -151.78301
  465 1.44884 -0.13602
      1483.61639 -139.28940
  466 1.43696 -0.14012
      1471.44775 -143.48540
  467 1.44207 -0.13071
      1476.67623 -133.85103
  468 1.43092 -0.13205
      1465.26212 -135.21846
  469 1.44275 -0.10319
      1477.37514 -105.66296
  470 1.45161 -0.10658
      1486.45229 -109.13810
  471 1.42122 -0.10535
      1455.32455 -107.88090
  472 1.44565 -0.11074
      1480.34443 -113.39267
  473 1.43197 -0.10686
      1466.33721 -109.42763
  474 1.44123 -0.10099
      1475.81601 -103.41459
  475 1.45214 -0.10179
      1486.98919 -104.23376
  476 1.41870 -0.09131
      1452.74835 -93.49722
  477 1.43777 -0.10595
      1472.27439 -108.49321
  478 1.42884 -0.10693
      1463.13081 -109.49496
  479 1.44977 -0.09676
      1484.56001 -99.08700
  480 1.44809 -0.09335
      1482.84764 -95.58656
  481 1.43623 -0.08200
      1470.70331 -83.96549
  482 1.42710 -0.07448
      1461.34700 -76.26871
  483 1.43707 -0.07538
      1471.55595 -77.19365
  484 1.41966 -0.05986
      1453.73597 -61.29354
  485 1.40412 -0.07702
      1437.81378 -78.87328
  486 1.42109 -0.07787
      1455.20119 -79.74118
  487 1.44675 -0.06789
      1481.46905 -69.51736
  488 1.43842 -0.05827
      1472.93702 -59.66472
  489 1.42482 -0.05827
      1459.01997 -59.66401
  490 1.42796 -0.07299
      1462.23605 -74.74458
  491 1.43447 -0.05401
      1468.90057 -55.30151
  492 1.43267 -0.06744
      1467.05479 -69.06219
  493 1.42765 -0.04332
      1461.91556 -44.36101
  494 1.44155 -0.04255
      1476.14593 -43.57093
  495 1.43007 -0.03901
      1464.39284 -39.94629
  496 1.41971 -0.04211
      1453.78527 -43.11952
  497 1.41742 -0.02911
      1451.43397 -29.81068
  498 1.42729 -0.03908
      1461.54540 -40.01396
  499 1.42141 -0.01582
      1455.52354 -16.19782
  500 1.41800 -0.02840
      1452.03404 -29.08111
  501 1.43720 -0.02766
      1471.69501 -28.32715
  502 1.43026 -0.02698
      1464.58840 -27.63011
  503 1.43623 -0.02580
      1470.70021 -26.41800
  504 1.41826 -0.02166
      1452.29851 -22.17957
  505 1.42681 -0.00320
      1461.05679 -3.27986
  506 1.42014 -0.02373
      1454.22319 -24.29611
  507 1.42635 -0.01813
      1460.58117 -18.56433
  508 1.43556 -0.02278
      1470.01602 -23.32428
  509 1.42293 0.00794
      1457.07882 8.13167
  510 1.42256 -0.00229
      1456.69893 -2.34798
  511 1.42323 -0.00527
      1457.38616 -5.39648
  512 1.42871 -0.00000
      1463.00000 0.00000
  513 1.42323 0.00527
      1457.38616 5.39648
  514 1.42256 0.00229
      1456.69893 2.34798
  515 1.42293 -0.00794
      1457.07882 -8.13167
  516 1.43556 0.02278
      1470.01602 23.32428
  517 1.42635 0.01813
      1460.58117 18.56433
  518 1.42014 0.02373
      1454.22319 24.29611
  519 1.42681 0.00320
      1461.05679 3.27986
  520 1.41826 0.02166
      1452.29851 22.17957
  521 1.43623 0.02580
      1470.70021 26.41800
  522 1.43026 0.02698
      1464.58840 27.63011
  523 1.43720 0.02766
      1471.69501 28.32715
  524 1.41800 0.02840
      1452.03404 29.08111
  525 1.42141 0.01582
      1455.52354 16.19782
  526 1.42729 0.03908
      1461.54540 40.01396
  527 1.41742 0.02911
      1451.43397 29.81068
  528 1.41971 0.04211
      1453.78527 43.11952
  529 1.43007 0.03901
      1464.39284 39.94629
  530 1.44155 0.04255
      1476.14593 43.57093
  531 1.42765 0.04332
      1461.91556 44.36101
  532 1.43267 0.06744
      1467.05479 69.06219
  533 1.43447 0.05401
      1468.90057 55.30151
  534 1.42796 0.07299
      1462.23605 74.74458
  535 1.42482 0.05827
      1459.01997 59.66401
  536 1.43842 0.05827
      1472.93702 59.66472
  537 1.44675 0.06789
      1481.46905 69.51736
  538 1.42109 0.07787
      1455.20119 79.74118
  539 1.40412 0.07702
      1437.81378 78.87328
  540 1.41966 0.05986
      1453.73597 61.29354
  541 1.43707 0.07538
      1471.55595 77.19365
  542 1.42710 0.07448
      1461.34700 76.26871
  543 1.43623 0.08200
      1470.70331 83.96549
  544 1.44809 0.09335
      1482.84764 95.58656
  545 1.44977 0.09676
      1484.56001 99.08700
  546 1.42884 0.10693
      1463.13081 109.49496
  547 1.43777 0.10595
      1472.27439 108.49321
  548 1.41870 0.09131
      1452.74835 93.49722
  549 1.45214 0.10179
      1486.98919 104.23376
  550 1.44123 0.10099
      1475.81601 103.41459
  551 1.43197 0.10686
      1466.33721 109.42763
  552 1.44565 0.11074
      1480.34443 113.39267
  553 1.42122 0.10535
      1455.32455 107.88090
  554 1.45161 0.10658
      1486.45229 109.13810
  555 1.44275 0.10319
      1477.37514 105.66296
  556 1.43092 0.13205
      1465.26212 135.21846
  557 1.44207 0.13071
      1476.67623 133.85103
  558 1.43696 0.14012
      1471.44775 143.48540
  559 1.44884 0.13602
      1483.61639 139.28940
  560 1.44860 0.14823
      1483.36411 151.78301
  561 1.43533 0.14145
      1469.77436 144.84738
  562 1.44727 0.12199
      1482.00386 124.92164
  563 1.45020 0.14299
      1485.00927 146.41830
  564 1.44705 0.14162
      1481.77558 145.01868
  565 1.45957 0.15367
      1494.60347 157.35998
  566 1.44965 0.15082
      1484.43685 154.43740
  567 1.45587 0.14849
      1490.81419 152.05060
  568 1.43241 0.15983
      1466.79064 163.66862
  569 1.45826 0.15326
      1493.25394 156.93581
  570 1.45682 0.14099
      1491.78075 144.37166
  571 1.46690 0.15470
      1502.10578 158.41230
  572 1.48772 0.17336
      1523.42235 177.52135
  573 1.46837 0.17044
      1503.61079 174.52898
  574 1.46580 0.16159
      1500.97985 165.46720
  575 1.47443 0.16547
      1509.81625 169.44638
  576 1.47270 0.19188
      1508.04107 196.48182
  577 1.46599 0.17591
      1501.17194 180.13138
  578 1.47401 0.17294
      1509.38302 177.08939
  579 1.46305 0.18630
      1498.15889 190.77439
  580 1.48212 0.17119
      1517.69020 175.30188
  581 1.47882 0.21501
      1514.31395 220.17194
  582 1.47108 0.18104
      1506.38947 185.38653
  583 1.47056 0.19035
      1505.85768 194.91879
  584 1.47597 0.20521
      1511.39205 210.13723
  585 1.47820 0.20986
      1513.67366 214.90014
  586 1.46728 0.21187
      1502.49696 216.95641
  587 1.48536 0.21066
      1521.00494 215.71590
  588 1.50826 0.19756
      1544.45580 202.30394
  589 1.50747 0.21187
      1543.64836 216.95702
  590 1.50039 0.20450
      1536.39673 209.41191
  591 1.50800 0.21293
      1544.18909 218.04279
  592 1.49621 0.21900
      1532.11692 224.26006
  593 1.50988 0.22155
      1546.12012 226.86450
  594 1.51641 0.23171
      1552.80002 237.26972
  595 1.49709 0.22660
      1533.01811 232.03783
  596 1.50436 0.23425
      1540.46189 239.87373
  597 1.50997 0.24435
      1546.20881 250.21560
  598 1.50947 0.24856
      1545.69925 254.52816
  599 1.50928 0.24126
      1545.50634 247.04739
  600 1.50946 0.24842
      1545.68858 254.38406
  601 1.53624 0.24451
      1573.10673 250.37891
  602 1.50488 0.26002
      1540.99212 266.26463
  603 1.54370 0.26576
      1580.75302 272.14166
  604 1.53608 0.27068
      1572.94581 277.17845
  605 1.53194 0.27381
      1568.70736 280.38402
  606 1.53298 0.26022
      1569.76851 266.46196
  607 1.53110 0.26590
      1567.84981 272.28044
  608 1.54091 0.27647
      1577.88972 283.10554
  609 1.54472 0.27136
      1581.79508 277.87458
  610 1.53985 0.28940
      1576.80939 296.34691
  611 1.56310 0.29142
      1600.61104 298.41019
  612 1.55863 0.28142
      1596.03796 288.17298
  613 1.54265 0.28751
      1579.67025 294.41302
  614 1.58402 0.29556
      1622.03223 302.65304
  615 1.56054 0.28469
      1597.99508 291.52092
  616 1.55688 0.30314
      1594.24745 310.41410
  617 1.56918 0.30156
      1606.84017 308.79945
  618 1.57342 0.32162
      1611.18375 329.33446
  619 1.60503 0.31273
      1643.55578 320.23604
  620 1.60708 0.30291
      1645.64517 310.18028
  621 1.59246 0.31449
      1630.68230 322.03398
  622 1.60760 0.30925
      1646.18466 316.67682
  623 1.60003 0.31128
      1638.42857 318.75303
  624 1.60515 0.31101
      1643.67361 318.47042
  625 1.59698 0.32411
      1635.30492 331.88693
  626 1.62721 0.34124
      1666.26114 349.42804
  627 1.63312 0.33130
      1672.31490 339.25545
  628 1.62622 0.32513
      1665.24435 332.92856
  629 1.62655 0.31965
      1665.58752 327.32518
  630 1.63199 0.33560
      1671.15921 343.65096
  631 1.65179 0.34152
      1691.43423 349.71503
  632 1.66584 0.34070
      1705.81512 348.87380
  633 1.65916 0.34931
      1698.98452 357.69173
  634 1.66819 0.33259
      1708.22222 340.57185
  635 1.67803 0.36370
      1718.30700 372.42645
  636 1.66785 0.34740
      1707.87705 355.73998
  637 1.67554 0.34179
      1715.75102 349.99314
  638 1.70368 0.35164
      1744.56565 360.08284
  639 1.69793 0.35184
      1738.67968 360.28081
  640 1.70031 0.36793
      1741.11775 376.76190
  641 1.71709 0.37641
      1758.30034 385.43905
  642 1.72050 0.38037
      1761.78972 389.50002
  643 1.74721 0.36769
      1789.14202 376.51826
  644 1.72406 0.39303
      1765.43655 402.46118
  645 1.76441 0.39873
      1806.75897 408.30181
  646 1.76493 0.38766
      1807.28592 396.96548
  647 1.78456 0.37112
      1827.39134 380.02943
  648 1.79502 0.39084
      1838.09993 400.21992
  649 1.80689 0.37192
      1850.25276 380.84827
  650 1.80315 0.38689
      1846.42922 396.17864
  651 1.81935 0.37496
      1863.01374 383.95652
  652 1.82615 0.37788
      1869.97550 386.95084
  653 1.85042 0.36519
      1894.83408 373.95337
  654 1.86586 0.37883
      1910.63634 387.91952
  655 1.89649 0.41660
      1942.01054 426.60082
  656 1.89832 0.37782
      1943.88447 386.88954
  657 1.90805 0.41933
      1953.84309 429.39763
  658 2.00057 0.37172
      2048.58657 380.64467
  659 1.92775 0.34458
      1974.02037 352.85206
  660 2.10471 0.27833
      2155.22186 285.01269
  661 2.08245 0.16284
      2132.43282 166.75328
  662 2.54615 0.06482
      2607.25541 66.37314
  663 1.87988 -0.76157
      1924.99946 -779.85013
  664 1.07166 1.51863
      1097.37716 1555.07767
  665 4.78901 2.18177
      4903.94419 2234.13469
  666 4.95432 -1.56775
      5073.21943 -1605.37443
  667 2.42845 -1.09377
      2486.72903 -1120.01699
  668 3.46177 -0.18037
      3544.85487 -184.70210
  669 3.42665 -1.46901
      3508.89179 -1504.26570
  670 2.43840 -1.53976
      2496.91975 -1576.71037
  671 1.53230 -1.52293
      1569.07632 -1559.48097
  672 0.84826 -0.31216
      868.61746 -319.65492
  673 1.26020 0.42447
      1290.44003 434.65479
  674 1.63443 1.07145
      1673.65539 1097.16541
  675 1.69881 0.71859
      1739.57870 735.84011
  676 2.13192 2.49611
      2183.08589 2556.01357
  677 6.02409 -0.44860
      6168.67227 -459.36817
  678 2.89958 -6.04603
      2969.16653 -6191.12981
  679 -3.40842 -2.56535
      -3490.22091 -2626.91857
  680 10.26873 -3.33384
      10515.17489 -3413.85688
  681 11.54756 -1.29061
      11824.70355 -1321.58561
  682 -0.25923 -5.50885
      -265.44726 -5641.05930
  683 -1.64073 -3.31503
      -1680.10674 -3394.59218
  684 -2.29031 1.68295
      -2345.27238 1723.34280
  685 3.17282 1.99652
      3248.96872 2044.43925
  686 2.63343 -2.95099
      2696.63579 -3021.81708
  687 4.04897 -2.73899
      4146.14239 -2804.72496
  688 10.05753 0.91108
      10298.91226 932.94363
  689 4.95848 3.14556
      5077.48208 3221.04989
  690 -5.55515 1.54583
      -5688.47126 1582.93311
  691 -2.52463 5.85792
      -2585.21656 5998.51050
  692 5.27765 10.85886
      5404.31507 11119.47531
  693 -6.67221 -1.26865
      -6832.34195 -1299.09343
  694 -1.71525 -3.26741
      -1756.41176 -3345.83246
  695 2.50894 2.89785
      2569.15937 2967.39671
  696 5.62763 11.32519
      5762.69153 11596.99067
  697 -0.18887 -3.83578
      -193.40071 -3927.83372
  698 13.55787 18.95210
      13883.26086 19406.95461
  699 -4.89904 6.32608
      -5016.61530 6477.90435
  700 -4.33588 4.42769
      -4439.94320 4533.95697
  701 -6.63397 -6.11183
      -6793.18614 -6258.51732
  702 -4.94269 -1.09433
      -5061.31196 -1120.59243
  703 -0.56424 1.78603
      -577.77750 1828.89976
  704 -3.65657 -0.89245
      -3744.32545 -913.86855
  705 -4.98335 8.49054
      -5102.94806 8694.30822
  706 -1.09697 5.34054
      -1123.29234 5468.71297
  707 -11.98705 2.83497
      -12274.74126 2903.00977
  708 3.63711 4.95442
      3724.40226 5073.33035
  709 1.05262 -5.78665
      1077.88238 -5925.52718
  710 13.89847 7.38995
      14232.03559 7567.31025
  711 -24.49101 -20.27863
      -25078.79327 -20765.31527
  712 -4.06403 -12.36573
      -4161.56303 -12662.50522
  713 8.72201 1.12765
      8931.33986 1154.71335
  714 -11.71851 8.67107
      -11999.75725 8879.17709
  715 1.91726 4.19953
      1963.27635 4300.31711
  716 1.87774 -5.45416
      1922.80413 -5585.06079
  717 13.24334 -10.27200
      13561.18049 -10518.52881
  718 4.38179 -21.49880
      4486.95139 -22014.77457
  719 4.12686 -14.05334
      4225.90627 -14390.61768
  720 -10.24110 -0.27691
      -10486.88798 -283.55781
  721 3.25570 11.66989
      3333.83470 11949.97215
  722 8.45600 5.48552
      8658.94743 5617.17665
  723 8.52826 -4.70364
      8732.94063 -4816.53182
  724 8.04525 1.15626
      8238.33456 1184.00819
  725 -10.28676 -10.69549
      -10533.64165 -10952.18362
  726 -0.28290 10.21136
      -289.68937 10456.43751
  727 0.26580 -31.41295
      272.17976 -32166.86189
  728 30.67078 25.70634
      31406.87419 26323.28981
  729 -22.83971 18.62109
      -23387.85924 19067.99987
  730 29.67719 -1.54285
      30389.44446 -1579.88014
  731 12.12606 6.01471
      12417.09019 6159.06088
  732 -45.05563 -37.21998
      -46136.96709 -38113.26220
  733 -0.90994 2.34379
      -931.77588 2400.04003
  734 -38.45723 -17.82190
      -39380.20693 -18249.63022
  735 66.55414 57.57368
      68151.43485 58955.45193
  736 -26.71608 -38.59539
      -27357.26110 -39521.67723
  737 -49.96281 -1.74175
      -51161.91882 -1783.55376
  738 -6.75216 53.19198
      -6914.21310 54468.59262
  739 -59.61851 27.78465
      -61049.35444 28451.48414
  740 34.41689 -24.68048
      35242.89060 -25272.81109
  741 -24.19247 49.68352
      -24773.08641 50875.92708
  742 31.88337 -55.26579
      32648.57102 -56592.16558
  743 -47.99134 -1.06507
      -49143.13708 -1090.62895
  744 3.55901 -22.40819
      3644.42268 -22945.98440
  745 -11.92942 -15.21067
      -12215.72881 -15575.72704
  746 -65.69039 34.59739
      -67266.96104 35427.72424
  747 28.86958 -32.55086
      29562.45185 -33332.07709
  748 -32.89946 16.31346
      -33689.04629 16704.98201
  749 -4.00419 -40.23851
      -4100.29515 -41204.23508
  750 -11.82946 25.62554
      -12113.36550 26240.54813
  751 -7.02868 -17.75781
      -7197.36619 -18183.99280
  752 -19.48656 -35.67440
      -19954.23879 -36530.58956
  753 -51.62273 21.26301
      -52861.67516 21773.32474
  754 29.16253 33.09012
      29862.42922 33884.27850
  755 3.64602 -36.52873
      3733.52196 -37405.41601
  756 -20.06779 -24.68148
      -20549.41823 -25273.83264
  757 -21.56377 -6.52960
      -22081.29991 -6686.31443
  758 11.09440 -4.20097
      11360.66811 -4301.79673
  759 2.04771 4.86663
      2096.85434 4983.42649
  760 11.99254 13.84918
      12280.35871 14181.55807
  761 7.29494 17.20443
      7470.01544 17617.33177
  762 35.89776 12.74270
      36759.30315 13048.52881
  763 8.94279 -23.76674
      9157.41843 -24337.14449
  764 -25.00971 -6.61406
      -25609.94050 -6772.80016
  765 3.13947 17.87207
      3214.82046 18301.00412
  766 8.32131 -1.60903
      8521.02072 -1647.64617
  767 36.88004 16.39352
      37765.16050 16786.96774
  768 74.79590 29.83594
      76591.00000 30552.00000
  769 -45.82408 -4.76742
      -46923.85920 -4881.84266
  770 11.26791 -45.41869
      11538.34406 -46508.74231
  771 20.54016 -58.49239
      21033.12371 -59896.20619
  772 18.96192 -35.64905
      19417.00871 -36504.63211
  773 -32.01871 1.52930
      -32787.16084 1565.99837
  774 12.77550 1.11203
      13082.10974 1138.71776
  775 24.88111 -54.86522
      25478.26065 -56181.98875
  776 -3.32269 16.61513
      -3402.43830 17013.89717
  777 2.74529 -2.17063
      2811.17682 -2222.72402
  778 2.87322 3.71747
      2942.17432 3806.69141
  779 -5.76265 5.06726
      -5900.95081 5188.87726
  780 8.90771 16.96470
      9121.49182 17371.84985
  781 14.76542 -3.04403
      15119.78631 -3117.08805
  782 -2.57569 4.90628
      -2637.50651 5024.02897
  783 7.64431 9.67269
      7827.77169 9904.83255
  784 5.20311 12.90627
      5327.98313 13216.02305
  785 12.36793 15.41235
      12664.76204 15782.24530
  786 10.16484 30.45269
      10408.79919 31183.55335
  787 56.59541 -32.53818
      57953.70397 -33319.09740
  788 27.46464 -16.21985
      28123.78760 -16609.12555
  789 6.51942 -18.34436
      6675.88601 -18784.62086
  790 75.50637 -61.72278
      77318.51987 -63204.12867
  791 23.88286 9.39250
      24456.05094 9617.92079
  792 31.30616 -29.71102
      32057.50616 -30424.08530
  793 -4.79546 2.61917
      -4910.54637 2682.03379
  794 -15.00729 -54.90405
      -15367.46354 -56221.74368
  795 -4.69645 -6.83085
      -4809.16123 -6994.78786
  796 26.27110 7.59040
      26901.60394 7772.57245
  797 15.28547 -74.06672
      15652.32102 -75844.32381
  798 41.06673 23.58628
      42052.32780 24152.34943
  799 -42.69058 -28.42692
      -43715.15623 -29109.16571
  800 -22.26205 -20.05785
      -22796.34304 -20539.23395
  801 38.56564 -19.65264
      39491.21673 -20124.29972
  802 -5.53543 -55.76748
      -5668.28542 -57105.89490
  803 56.49601 -6.55259
      57851.91123 -6709.85067
  804 -42.64421 -53.79473
      -43667.67285 -55085.80170
  805 7.67890 -14.57419
      7863.19118 -14923.97117
  806 44.02700 3.64209
      45083.64490 3729.50298
  807 -46.38907 22.81492
      -47502.40349 23362.48203
  808 -3.69041 -65.41315
      -3778.98370 -66983.06421
  809 -10.34007 -53.82634
      -10588.23159 -55118.17509
  810 -15.24414 0.44523
      -15609.99486 455.91961
  811 17.54806 -10.99401
      17969.21263 -11257.86182
  812 -2.68217 -3.63804
      -2746.54057 -3725.35133
  813 11.15116 9.15732
      11418.79011 9377.09916
  814 -56.49145 -0.61877
      -57847.24049 -633.61594
  815 15.37113 -18.81643
      15740.03864 -19268.02650
  816 27.30430 -23.54035
      27959.59851 -24105.32035
  817 -3.36736 -38.01517
      -3448.17193 -38927.53057
  818 5.83636 -31.23453
      5976.43260 -31984.15464
  819 -16.02121 -33.67949
      -16405.71761 -34487.79878
  820 -4.60801 -23.95706
      -4718.60061 -24532.03281
  821 -10.07649 -68.43505
      -10318.32392 -70077.49476
  822 20.45536 -4.43291
      20946.29289 -4539.30006
  823 8.77544 0.38345
      8986.05433 392.64909
  824 13.71114 7.07467
      14040.21184 7244.46394
  825 -8.83943 89.90218
      -9051.57487 92059.83481
  826 -5.38693 -64.63373
      -5516.22017 -66184.94323
  827 36.04344 -26.84721
      36908.48222 -27491.54592
  828 21.49143 -13.90947
      22007.22832 -14243.30200
  829 -15.03541 8.98246
      -15396.25853 9198.03449
  830 6.76564 12.19688
      6928.01903 12489.60899
  831 66.50189 65.82494
      68097.93429 67404.73654
  832 -32.27071 67.75514
      -33045.20959 69381.25999
  833 -9.25566 -7.12581
      -9477.79361 -7296.83398
  834 57.60723 17.44352
      58989.80319 17862.16117
  835 -0.97940 9.28827
      -1002.90948 9511.19026
  836 -43.57301 21.97828
      -44618.76572 22505.75551
  837 -46.87610 -11.24431
      -48001.12629 -11514.16933
  838 24.84684 21.24035
      25443.16059 21750.11538
  839 -57.10348 2.82840
      -58473.95920 2896.28356
  840 27.28557 -5.07487
      27940.41872 -5196.66499
  841 14.13486 14.43188
      14474.09810 14778.24406
  842 -10.19295 -1.29325
      -10437.57631 -1324.28824
  843 19.15738 0.69680
      19617.15914 713.52366
  844 -29.01145 -29.15059
      -29707.72247 -29850.19922
  845 -13.42101 -4.36056
      -13743.10961 -4465.21507
  846 -40.18861 -22.22094
      -41153.13268 -22754.23940
  847 51.67479 12.53194
      52914.98029 12832.70859
  848 -0.27267 32.20184
      -279.21339 32974.68106
  849 18.47636 19.17816
      18919.79502 19638.43077
  850 7.56337 16.54716
      7744.88684 16944.28725
  851 31.81882 -6.93409
      32582.46665 -7100.50754
  852 5.55416 -4.50581
      5687.45956 -4613.95371
  853 -4.52713 -11.42662
      -4635.77685 -11700.86295
  854 14.61933 28.95808
      14970.18912 29653.07759
  855 38.26004 -12.84340
      39178.27719 -13151.63970
  856 11.13293 -25.10280
      11400.12270 -25705.26648
  857 -35.76688 1.27221
      -36625.28371 1302.74307
  858 6.20603 18.82088
      6354.97458 19272.58222
  859 15.36937 4.40645
      15738.23996 4512.20052
  860 5.42064 32.13570
      5550.73799 32906.95298
  861 -2.48328 57.94630
      -2542.87395 59337.01143
  862 4.99635 8.17716
      5116.26703 8373.40751
  863 -1.42331 -5.63037
      -1457.46829 -5765.49377
  864 -33.25401 -15.61109
      -34052.10874 -15985.76088
  865 -23.94610 13.41120
      -24520.80331 13733.07308
  866 8.51057 -4.89736
      8714.82491 -5014.89912
  867 -14.03443 0.15972
      -14371.25714 163.55076
  868 -18.82346 -2.69836
      -19275.22744 -2763.12433
  869 -3.17306 14.20897
      -3249.21144 14549.98024
  870 6.39442 12.90980
      6547.88183 13219.63732
  871 8.64123 -9.82579
      8848.61962 -10061.60896
  872 -27.86786 -13.33025
      -28536.68675 -13650.17653
  873 -1.06101 23.39252
      -1086.47079 23953.94381
  874 -20.92360 16.55680
      -21425.77051 16954.16218
  875 -1.21828 -12.17736
      -1247.51543 -12469.61866
  876 8.74599 11.66320
      8955.89243 11943.11581
  877 -13.66282 10.52214
      -13990.72817 10774.67164
  878 4.12639 -1.03920
      4225.42817 -1064.13583
  879 8.92048 -0.24145
      9134.57209 -247.24804
  880 -13.08884 -11.78864
      -13402.96751 -12071.57170
  881 3.02145 -4.11818
      3093.96884 -4217.01672
  882 2.57804 -3.58821
      2639.91774 -3674.32293
  883 -11.81543 7.26030
      -12099.00157 7434.54598
  884 1.21990 11.39124
      1249.17467 11664.62519
  885 -6.65298 1.40232
      -6812.65045 1435.97858
  886 12.59938 6.11076
      12901.76575 6257.42282
  887 -13.44666 -9.34467
      -13769.37694 -9568.94396
  888 8.49641 -5.29694
      8700.32021 -5424.06531
  889 -22.72298 32.26204
      -23268.33108 33036.33015
  890 16.80834 12.67696
      17211.73781 12981.20486
  891 -13.83868 21.29119
      -14170.80774 21802.17990
  892 18.37129 -18.41219
      18812.20549 -18854.07869
  893 10.39434 1.55455
      10643.80752 1591.85486
  894 -11.22516 -13.55646
      -11494.56122 -13881.81479
  895 3.04355 -12.05018
      3116.59177 -12339.38283
  896 1.83289 3.27809
      1876.88225 3356.76190
  897 18.96294 0.78400
      19418.05559 802.81311
  898 -7.46363 18.93817
      -7642.75851 19392.68923
  899 12.12144 -22.37344
      12412.35336 -22910.40152
  900 -20.25240 -16.61867
      -20738.45563 -17017.51842
  901 -9.41090 17.17712
      -9636.75924 17589.37311
  902 -1.20820 -6.67328
      -1237.20146 -6833.43582
  903 3.51666 -15.71547
      3601.06287 -16092.64494
  904 -29.35134 -17.98725
      -30055.77234 -18418.94192
  905 -36.29431 -21.64134
      -37165.37416 -22160.73314
  906 -22.09830 38.50357
      -22628.65953 39427.65765
  907 29.38007 -29.89362
      30085.18710 -30611.06735
  908 -21.79545 34.56588
      -22318.53882 35395.46325
  909 -26.27537 -10.13636
      -26905.98128 -10379.63357
  910 -19.97760 -0.72890
      -20457.06564 -746.38943
  911 -18.18084 0.21715
      -18617.17670 222.35772
  912 -18.54340 26.59752
      -18988.43799 27235.86330
  913 1.12800 -8.02125
      1155.06914 -8213.75762
  914 -7.76697 -3.31768
      -7953.38124 -3397.30734
  915 -33.42683 13.08331
      -34229.07308 13397.31415
  916 -5.54557 -7.30076
      -5678.65982 -7475.97946
  917 8.50115 -10.36160
      8705.17750 -10610.27788
  918 6.00523 6.65075
      6149.35242 6810.37295
  919 11.23676 12.80307
      11506.44050 13110.33999
  920 10.70346 -35.23675
      10960.34076 -36082.42996
  921 5.18903 16.71287
      5313.56833 17113.97406
  922 13.54150 0.64850
      13866.50033 664.06042
  923 17.34541 -10.85858
      17761.70161 -11119.18132
  924 13.47199 12.90844
      13795.31467 13218.24252
  925 -1.87933 0.98016
      -1924.43389 1003.68805
  926 11.57755 2.43146
      11855.41241 2489.81801
  927 28.18635 10.25953
      28862.81885 10505.76122
  928 -7.40573 -30.83626
      -7583.46673 -31576.32524
  929 29.86503 0.27643
      30581.79413 283.05968
  930 21.62605 2.34869
      22145.07309 2405.06216
  931 11.69114 40.03212
      11971.72636 40992.89547
  932 23.78725 -31.75312
      24358.14737 -32515.19670
  933 -7.04141 0.46874
      -7210.40721 479.98771
  934 24.33858 18.80003
      24922.70262 19251.22911
  935 21.25842 -49.30266
      21768.62575 -50485.92257
  936 31.42760 -7.59937
      32181.86430 -7781.75106
  937 27.46180 -21.87060
      28120.88590 -22395.49147
  938 27.37973 2.96022
      28036.84545 3031.26258
  939 13.34541 -8.42110
      13665.70030 -8623.20594
  940 -8.34879 -14.47917
      -8549.15971 -14826.66755
  941 -26.98379 -24.38011
      -27631.39612 -24965.23164
  942 115.45251 71.27955
      118223.36825 72990.26189
  943 31.99462 22.45990
      32762.49422 22998.93298
  944 -2.60262 59.06375
      -2665.08755 60481.28234
  945 13.17905 -31.30490
      13495.34722 -32056.22232
  946 132.41475 28.82006
      135592.70048 29511.73787
  947 74.41893 -132.77195
      76204.98419 -135958.47727
  948 -62.38625 -154.68721
      -63883.51844 -158399.70580
  949 87.82496 151.87137
      89932.75569 155516.28612
  950 -24.63011 58.15096
      -25221.23219 59546.57905
  951 -4.34368 20.34560
      -4447.92605 20833.89011
  952 -56.95459 27.79461
      -58321.50112 28461.68154
  953 -47.24553 33.27669
      -48379.42659 34075.32691
  954 4.55843 -17.68467
      4667.82885 -18109.10500
  955 56.56320 -13.24276
      57920.71666 -13560.58155
  956 -35.08824 72.44113
      -35930.35692 74179.71314
  957 -11.73986 3.24850
      -12021.61272 3326.46554
  958 -3.53889 21.03235
      -3623.81908 21537.12754
  959 -15.10656 -1.11057
      -15469.11384 -1137.21869
  960 -6.47510 -25.25038
      -6630.50603 -25856.38964
  961 4.63359 -5.06918
      4744.79107 -5190.83915
  962 -39.38927 40.75663
      -40334.61537 41734.79367
  963 -36.69527 26.10277
      -37575.95438 26729.23349
  964 -13.21612 -33.04052
      -13533.30583 -33833.49249
  965 9.80817 17.30162
      10043.56941 17716.85895
  966 -6.75121 12.17042
      -6913.23522 12462.50858
  967 -1.33719 -10.90115
      -1369.28744 -11162.77487
  968 51.45696 18.25048
      52691.93081 18688.48808
  969 -109.82015 -65.40577
      -112455.83339 -66975.50852
  970 -16.20776 -14.21454
      -16596.74711 -14555.68923
  971 15.13647 5.21259
      15499.74742 5337.69426
  972 -1.87645 -4.84016
      -1921.47986 -4956.32231
  973 -45.62714 -0.83486
      -46722.18786 -854.89712
  974 -47.41586 -20.06376
      -48553.84409 -20545.29495
  975 -69.82109 60.91564
      -71496.79318 62377.61192
  976 45.46227 32.95685
      46553.36776 33747.81064
  977 14.49258 -12.35443
      14840.40067 -12650.93939
  978 -3.68193 8.40557
      -3770.30075 8607.29978
  979 -0.14646 21.76601
      -149.97980 22288.39788
  980 18.32884 23.63975
      18768.73073 24207.10170
  981 21.07876 -9.72778
      21584.65219 -9961.24342
  982 -1.91275 -10.77571
      -1958.66106 -11034.33007
  983 13.21933 -69.69303
      13536.59446 -71365.66648
  984 61.68237 -194.30297
      63162.75136 -198966.24344
  985 -6.38799 36.65797
      -6541.30389 37537.76183
  986 12.02864 98.26758
      12317.33142 100626.00368
  987 -47.82515 -82.32445
      -48972.94884 -84300.23806
  988 41.44080 131.58140
      42435.38036 134739.35246
  989 24.99385 45.15308
      25593.69965 46236.75514
  990 11.43995 14.86687
      11714.50715 15223.67782
  991 6.28214 -5.14326
      6432.91475 -5266.70012
  992 -34.91814 42.50459
      -35756.17522 43524.70501
  993 65.77508 -34.55040
      67353.68080 -35379.60508
  994 6.25123 -17.69190
      6401.25811 -18116.50946
  995 -4.55654 38.46509
      -4665.89275 39388.25538
  996 69.28580 15.20211
      70948.65952 15566.96240
  997 60.07783 63.42670
      61519.70145 64948.94448
  998 74.74341 95.09642
      76537.25327 97378.73368
  999 71.13036 -15.91300
      72837.48633 -16294.91101
 1000 -101.68969 -87.77083
      -104130.24450 -89877.33484
 1001 38.40775 26.82840
      39329.53400 27472.28119
 1002 12.75847 19.47929
      13064.67093 19946.78848
 1003 187.16849 88.96422
      191660.52868 91099.36253
 1004 -122.16027 142.67409
      -125092.11367 146098.26969
 1005 -48.72075 31.11119
      -49890.04953 31857.85442
 1006 73.57014 -62.25327
      75335.82565 -63747.35000
 1007 -6.16473 -40.01732
      -6312.68424 -40977.73123
 1008 -225.45689 -343.60929
      -230867.85280 -351855.90843
 1009 -512.61567 -209.57279
      -524918.44638 -214602.54133
 1010 -1520.51228 416.94600
      -1557004.57904 426952.69921
 1011 425.65767 474.53524
      435873.45045 485924.08922
 1012 -123.65987 212.81833
      -126627.70367 217925.96993
 1013 252.16070 129.26917
      258212.55923 132371.62681
 1014 393.48671 -261.12983
      402930.39244 -267396.94270
 1015 -167.29695 -258.42688
      -171312.07435 -264629.12933
 1016 -81.03397 942.18837
      -82978.79000 964800.88630
 1017 -924.50209 -513.53752
      -946690.14289 -525862.42128
 1018 -221.01730 343.37621
      -226321.71754 351617.23622
 1019 1666.28521 -6045.30519
      1706276.05835 -6190392.51119
 1020 2133.06041 -908.27622
      2184253.85784 -930074.84678
 1021 -2173.22774 407.03607
      -2225385.20595 416804.93964
 1022 -1082.00041 404.64487
      -1107968.41814 414356.34586
 1023 -379.68248 -328.84913
      -388794.85542 -336741.51185
